846
-910
-2645
-4038
-4485
-3749
-2272
-433
1562
3321
4161
3794
2553
771
-1399
-3546
-4898
-5207
-4885
-4364
-3284
-545
3679
6717
7055
6273
5519
3488
32
-2341
-3376
-4802
-5857
-4337
-1607
-36
1025
2500
3642
3828
3571
3082
2225
908
-659
-1905
-2504
-2832
-3056
-2695
-1491
90
1498
2624
3455
3818
3321
2012
220
-1798
-3698
-4799
-4736
-3753
-2096
17
2239
3781
4209
3470
1946
-58
-2387
-4418
-5497
-5526
-5170
-4630
-2827
1229
5746
7725
7242
6448
5112
1826
-1535
-3039
-4204
-5952
-5817
-3070
-604
620
1888
3362
4076
4019
3565
2788
1725
244
-1377
-2427
-2810
-3166
-3299
-2458
-736
1038
2427
3536
4254
4072
2810
898
-1166
-3233
-4876
-5321
-4465
-2843
-837
1485
3546
4472
4003
2592
691
-1567
-3825
-5327
-5674
-5292
-4756
-3815
-995
3768
7488
8032
6980
6114
3832
-38
-2495
-3373
-4916
-6300
-4657
-1536
245
1280
2711
3856
4053
3774
3094
2126
879
-676
-2100
-2762
-3010
-3319
-3086
-1787
142
1823
3045
3959
4422
3882
2154
-126
-2408
-4377
-5456
-5156
-3766
-1821
562
2963
4514
4613
3385
1431
-809
-3090
-4925
-5731
-5520
-4857
-3962
-1684
2649
6767
8022
7082
6205
4447
641
-2512
-3518
-4476
-6006
-5192
-2072
214
1319
2544
3692
3912
3620
3051
2164
1070
-292
-1738
-2637
-2941
-3188
-3108
-2146
-427
1333
2812
3918
4402
4036
2729
698
-1690
-4002
-5569
-5708
-4470
-2467
-143
2321
4364
5099
4234
2287
-85
-2580
-4731
-5914
-5947
-5311
-4501
-2904
794
5646
8207
7709
6519
5339
2284
-1749
-3661
-4354
-5832
-6270
-3562
-320
1180
2196
3458
4184
4029
3446
2533
1460
218
-1277
-2467
-3013
-3367
-3510
-2792
-1230
583
2249
3609
4441
4646
3892
1965
-539
-2943
-4851
-5805
-5358
-3713
-1460
1104
3577
5165
5210
3802
1560
-1007
-3529
-5435
-6237
-5995
-5214
-3992
-1315
3234
7343
8483
7456
6272
4098
102
-3033
-4075
-5108
-6404
-5316
-2064
391
1714
3012
4074
4242
3895
3241
2224
948
-549
-1999
-2902
-3316
-3616
-3373
-2210
-424
1426
3042
4195
4686
4466
3215
978
-1632
-3990
-5584
-5959
-4926
-2918
-503
2104
4314
5261
4561
2701
311
-2261
-4513
-5883
-6191
-5780
-4959
-3247
408
5176
8192
8188
7015
5728
2684
-1326
-3547
-4401
-5816
-6437
-4133
-1022
741
1984
3483
4353
4334
3933
3144
1980
541
-1119
-2619
-3414
-3833
-3935
-3173
-1460
549
2292
3722
4624
4717
3929
2316
-7
-2575
-4722
-5747
-5422
-4087
-1954
520
3011
4810
5167
4001
1815
-652
-3054
-4876
-5793
-5851
-5309
-4317
-2163
1857
6305
8358
7708
6586
5035
1667
-1794
-3365
-4435
-6047
-5891
-3136
-493
904
2208
3617
4319
4345
3928
3047
1805
231
-1508
-2884
-3647
-4153
-4195
-3221
-1306
839
2658
4006
4754
4604
3378
1335
-1078
-3463
-5306
-5881
-5064
-3330
-1097
1420
3717
4995
4783
3241
923
-1602
-3745
-5089
-5581
-5371
-4721
-3654
-1283
2907
6884
8066
7043
5914
4046
481
-2463
-3564
-4741
-6190
-5283
-2261
-8
1206
2588
3795
4145
4095
3749
2825
1436
-198
-1846
-3022
-3620
-3977
-3774
-2516
-467
1585
3217
4380
4852
4375
2917
722
-1769
-4072
-5535
-5563
-4366
-2418
-48
2471
4504
5244
4477
2523
-17
-2603
-4649
-5739
-5884
-5331
-4395
-2832
318
4732
7780
7898
6623
5240
2562
-1071
-3259
-4191
-5516
-6183
-4203
-1235
578
1803
3160
4004
4072
3807
3199
2186
764
-927
-2437
-3273
-3706
-3856
-3179
-1535
539
2439
3921
4767
4748
3760
1874
-584
-3056
-5047
-5951
-5419
-3758
-1429
1118
3501
5088
5266
3924
1550
-1162
-3655
-5404
-6164
-5961
-5044
-3752
-1687
2025
6301
8349
7702
6325
4579
1247
-2231
-3846
-4699
-6005
-5810
-3086
-370
1126
2382
3684
4231
4161
3712
2795
1544
27
-1646
-2960
-3515
-3759
-3621
-2569
-640
1419
3138
4414
4970
4613
3309
1108
-1595
-4121
-5822
-6150
-5110
-3007
-364
2314
4517
5604
5224
3394
742
-2075
-4443
-5913
-6389
-5939
-4873
-3358
-740
3526
7428
8488
7466
6122
3926
164
-2971
-4240
-5361
-6582
-5508
-2360
82
1477
2902
4110
4462
4309
3726
2602
1084
-647
-2321
-3427
-3862
-3950
-3512
-2157
-69
2011
3626
4670
5011
4330
2606
261
-2304
-4719
-6285
-6251
-4745
-2442
277
3043
5127
5824
4931
2852
122
-2738
-5058
-6313
-6485
-5754
-4475
-2765
226
4639
8083
8516
7286
5881
3282
-634
-3399
-4420
-5678
-6614
-4877
-1617
573
1878
3339
4385
4588
4303
3617
2441
828
-1045
-2690
-3583
-3975
-4042
-3319
-1567
601
2528
4022
4900
4824
3780
1990
-362
-2974
-5287
-6477
-6120
-4481
-2002
868
3520
5359
5832
4731
2437
-390
-3208
-5425
-6568
-6598
-5697
-4337
-2376
1112
5661
8412
8348
7224
5632
2486
-1462
-3793
-4898
-6343
-6716
-4320
-1188
729
2173
3697
4572
4641
4238
3348
2029
327
-1555
-3086
-3869
-4173
-4006
-2942
-949
1293
3147
4469
5140
4881
3594
1619
-694
-3207
-5432
-6459
-5827
-4044
-1567
1339
3944
5576
5777
4531
2158
-748
-3549
-5633
-6626
-6563
-5632
-4275
-2153
1649
6211
8579
8337
7307
5569
2081
-1804
-3937
-5209
-6760
-6750
-3977
-934
886
2396
3933
4699
4692
4219
3252
1841
23
-1834
-3238
-3952
-4251
-3967
-2762
-752
1399
3171
4426
4999
4658
3318
1254
-1190
-3659
-5669
-6454
-5682
-3793
-1266
1551
4076
5572
5619
4233
1866
-942
-3653
-5653
-6597
-6436
-5465
-4102
-1830
2249
6745
8738
8266
7208
5332
1638
-2132
-4066
-5397
-6948
-6624
-3703
-805
966
2595
4192
4917
4821
4212
3092
1537
-372
-2226
-3495
-4035
-4177
-3760
-2441
-393
1705
3369
4487
4920
4478
3112
1016
-1463
-3854
-5615
-6111
-5169
-3198
-727
1861
4160
5511
5417
3918
1547
-1153
-3745
-5595
-6367
-6136
-5212
-3970
-1887
2006
6452
8575
8131
7038
5350
1830
-1953
-3997
-5282
-6821
-6639
-3795
-896
865
2423
4017
4755
4705
4152
3065
1478
-454
-2263
-3495
-3942
-4009
-3609
-2389
-386
1654
3194
4232
4671
4267
2956
1001
-1351
-3704
-5516
-6044
-5117
-3216
-777
1769
4015
5312
5199
3751
1476
-1097
-3580
-5353
-6146
-5953
-5087
-3911
-1814
2226
6698
8588
8040
7037
5378
1771
-1992
-3915
-5192
-6770
-6468
-3539
-724
948
2509
4078
4751
4661
4062
2940
1363
-536
-2334
-3518
-3888
-3879
-3413
-2155
-204
1685
3111
4113
4505
4044
2703
699
-1689
-3972
-5646
-6073
-5068
-3095
-654
1854
4063
5291
5096
3613
1393
-1170
-3705
-5471
-6221
-5985
-5061
-3812
-1674
2378
6777
8480
7840
6852
5185
1538
-2214
-4033
-5235
-6724
-6271
-3239
-483
1133
2697
4226
4808
4653
4025
2872
1351
-473
-2246
-3444
-3828
-3876
-3459
-2156
-165
1742
3217
4276
4656
4212
2920
873
-1621
-3909
-5452
-5851
-4891
-2885
-419
2044
4166
5315
4980
3375
1097
-1481
-4000
-5664
-6206
-5803
-4807
-3565
-1627
2113
6350
8033
7395
6423
5017
1612
-2092
-3871
-4924
-6382
-6156
-3249
-569
946
2358
3815
4377
4235
3691
2602
1166
-562
-2221
-3367
-3711
-3721
-3250
-1925
33
1889
3311
4313
4579
4073
2810
892
-1461
-3665
-5167
-5558
-4645
-2759
-453
1860
3877
5004
4825
3419
1287
-1168
-3591
-5231
-5805
-5510
-4616
-3473
-1930
1120
5333
7714
7452
6470
5331
2403
-1512
-3693
-4675
-6098
-6483
-3986
-1010
708
2061
3534
4302
4257
3857
2898
1592
-27
-1670
-2901
-3353
-3442
-3259
-2307
-643
1182
2703
3841
4292
4025
3029
1335
-887
-3086
-4767
-5544
-5003
-3337
-1025
1315
3392
4748
4883
3779
1831
-507
-2953
-4776
-5557
-5468
-4743
-3700
-2377
253
4362
7355
7503
6443
5510
3060
-824
-3306
-4188
-5478
-6327
-4445
-1498
334
1614
3106
4053
4191
3927
3106
1876
367
-1280
-2691
-3328
-3523
-3480
-2730
-1126
754
2346
3550
4111
3968
3105
1623
-334
-2437
-4215
-5234
-5034
-3596
-1421
860
2882
4364
4800
3941
2174
-39
-2410
-4352
-5243
-5212
-4608
-3661
-2595
-768
2767
6495
7718
6804
5864
4277
732
-2424
-3632
-4632
-5962
-5209
-2337
-86
1215
2542
3733
4114
4035
3447
2277
838
-721
-2168
-3064
-3299
-3336
-2904
-1677
80
1721
3015
3793
3927
3399
2210
505
-1502
-3433
-4881
-5250
-4320
-2457
-335
1664
3356
4351
4132
2749
726
-1575
-3725
-5114
-5504
-5181
-4372
-3347
-1883
1076
5081
7373
7028
5953
4798
1872
-1711
-3458
-4319
-5686
-5911
-3527
-936
569
1853
3135
3779
3884
3674
2782
1559
184
-1257
-2484
-3058
-3312
-3253
-2437
-888
942
2527
3646
4119
4002
3167
1685
-196
-2235
-4056
-5019
-4543
-2914
-787
1308
3162
4539
4860
3900
2053
-206
-2523
-4270
-4985
-4919
-4371
-3517
-2488
-471
3240
6735
7567
6522
5595
3717
143
-2509
-3514
-4702
-5890
-4720
-1979
-78
1190
2506
3502
3823
3846
3260
2115
819
-602
-2062
-3038
-3429
-3657
-3377
-2243
-472
1287
2704
3580
3808
3366
2249
602
-1413
-3412
-4879
-5145
-4070
-2212
-171
1785
3541
4477
4086
2653
656
-1610
-3652
-4793
-5075
-4828
-4155
-3288
-1866
1196
5179
7300
6886
5944
4715
1726
-1524
-3078
-4132
-5646
-5694
-3420
-1179
192
1485
2740
3438
3742
3603
2753
1634
362
-1103
-2387
-3012
-3359
-3437
-2720
-1203
552
2106
3326
3926
3878
3185
1828
-129
-2321
-4161
-5051
-4555
-2954
-922
1057
2957
4386
4607
3583
1826
-307
-2511
-4065
-4659
-4690
-4342
-3578
-2534
-530
3100
6497
7426
6548
5713
3896
460
-2160
-3359
-4667
-5915
-4835
-2305
-490
810
2191
3337
3865
4125
3681
2694
1479
31
-1583
-2704
-3218
-3598
-3406
-2315
-622
1076
2630
3669
4024
3708
2712
1056
-1033
-3022
-4526
-4851
-3907
-2220
-323
1563
3333
4321
4130
2920
1084
-1058
-3067
-4334
-4820
-4817
-4317
-3463
-2362
-26
3754
6659
7027
6167
5357
3058
-395
-2586
-3683
-5158
-6067
-4484
-2114
-506
782
2205
3173
3612
3742
3153
2185
955
-502
-2037
-2979
-3540
-3858
-3467
-2215
-468
1278
2769
3651
3963
3550
2357
481
-1596
-3480
-4740
-4799
-3708
-1900
85
2091
3751
4534
4071
2659
769
-1311
-3166
-4387
-4870
-4710
-3951
-3012
-1574
1455
5314
7361
6999
6154
4969
1969
-1262
-2847
-3914
-5473
-5635
-3471
-1260
151
1449
2794
3620
4029
3966
3214
2065
630
-1006
-2457
-3299
-3832
-3930
-3249
-1722
219
2048
3419
4147
4208
3321
1603
-467
-2517
-4312
-5218
-4715
-3114
-1103
951
2890
4266
4517
3593
1961
-54
-2183
-3964
-4936
-5100
-4593
-3729
-2838
-1193
2229
5942
7456
6938
6122
4548
1213
-1722
-3227
-4624
-6128
-5589
-3056
-892
653
2128
3508
4253
4568
4207
3208
1915
352
-1347
-2689
-3381
-3850
-3800
-2901
-1202
726
2521
3837
4430
4236
3106
1260
-915
-3014
-4682
-5290
-4545
-2787
-648
1524
3416
4545
4479
3290
1509
-574
-2704
-4416
-5197
-5167
-4622
-3876
-2958
-870
2863
6248
7216
6508
5650
3656
245
-2346
-3827
-5458
-6730
-5571
-3034
-1088
470
2126
3489
4104
4288
3788
2770
1387
-251
-1927
-3060
-3679
-4040
-3719
-2521
-652
1286
3023
4148
4560
4162
2893
993
-1139
-3131
-4582
-4804
-3738
-1834
259
2303
4003
4839
4470
3157
1420
-660
-2790
-4366
-4956
-4838
-4247
-3480
-2483
-111
3809
6906
7477
6681
5811
3516
50
-2360
-3869
-5533
-6547
-5044
-2603
-681
1001
2699
3922
4402
4443
3704
2490
924
-772
-2357
-3300
-3813
-4027
-3530
-2204
-322
1572
3219
4200
4470
3885
2437
390
-1788
-3768
-5020
-4993
-3780
-1840
281
2401
4011
4690
4154
2754
918
-1225
-3334
-4856
-5364
-5123
-4408
-3614
-2337
576
4610
7195
7307
6521
5375
2479
-1034
-3158
-4570
-6175
-6556
-4522
-2071
-207
1465
3064
4040
4401
4256
3357
2027
362
-1340
-2748
-3514
-3952
-3981
-3262
-1754
203
2138
3654
4431
4519
3701
2010
-186
-2344
-4171
-5147
-4792
-3236
-1087
1113
3126
4526
4918
4079
2458
510
-1598
-3614
-4906
-5176
-4744
-3935
-3060
-1645
1321
5139
7366
7304
6405
5080
2053
-1285
-3289
-4722
-6210
-6336
-4152
-1720
239
1923
3406
4236
4545
4278
3168
1727
80
-1530
-2904
-3597
-3926
-3809
-3011
-1447
538
2388
3724
4327
4321
3416
1659
-528
-2561
-4238
-5048
-4549
-2868
-689
1401
3285
4565
4798
3768
2094
109
-2052
-4047
-5194
-5333
-4826
-3950
-3010
-1439
1711
5503
7499
7235
6230
4695
1528
-1638
-3517
-4907
-6313
-6115
-3782
-1414
446
2002
3381
4110
4398
3995
2840
1440
-87
-1688
-3047
-3661
-3929
-3776
-2960
-1276
765
2624
3899
4458
4361
3322
1445
-797
-2839
-4458
-5122
-4431
-2559
-384
1624
3345
4454
4538
3499
1898
-86
-2204
-4067
-5051
-5157
-4578
-3634
-2714
-1138
2091
5770
7452
7001
6028
4466
1279
-1722
-3495
-4886
-6252
-5863
-3511
-1253
521
2039
3450
4211
4468
3924
2726
1327
-264
-1935
-3213
-3667
-3846
-3639
-2722
-922
1104
2830
3968
4440
4196
2987
1020
-1176
-3095
-4508
-4901
-4010
-2104
-39
1821
3386
4339
4216
3024
1411
-460
-2443
-4159
-4950
-4921
-4365
-3619
-2704
-708
2892
6282
7381
6738
5788
3826
427
-2245
-3807
-5233
-6387
-5351
-2799
-673
1011
2524
3801
4316
4317
3537
2264
792
-814
-2375
-3365
-3685
-3775
-3368
-2188
-269
1646
3186
4097
4350
3838
2427
443
-1611
-3374
-4570
-4663
-3487
-1458
575
2375
3722
4303
3750
2350
712
-1111
-2948
-4357
-4806
-4576
-3964
-3248
-2378
-431
3107
6305
7272
6621
5686
3685
268
-2335
-3913
-5365
-6410
-5239
-2666
-544
1216
2702
3830
4237
4198
3318
1959
511
-998
-2436
-3288
-3467
-3459
-2983
-1835
-56
1692
3093
3882
4027
3484
2151
329
-1541
-3117
-4167
-4238
-3197
-1341
610
2323
3528
3973
3462
2200
686
-1096
-2874
-4197
-4628
-4436
-3899
-3244
-2410
-398
3153
6255
7137
6508
5549
3473
146
-2318
-3870
-5316
-6283
-5085
-2603
-522
1187
2571
3604
3984
3944
3084
1814
410
-1046
-2397
-3149
-3273
-3262
-2814
-1717
1
1664
3014
3796
3957
3378
2037
286
-1570
-3162
-4198
-4207
-3133
-1282
663
2302
3430
3886
3447
2278
783
-1001
-2782
-4077
-4460
-4244
-3701
-3090
-2262
-225
3282
6222
6947
6295
5350
3205
-95
-2414
-3823
-5251
-6129
-4794
-2280
-259
1341
2679
3647
3985
3865
2959
1645
242
-1146
-2390
-3018
-3101
-3102
-2698
-1628
59
1693
2954
3644
3687
3054
1792
163
-1569
-3100
-4040
-3973
-2875
-1050
783
2288
3312
3718
3285
2094
556
-1246
-2932
-4072
-4399
-4201
-3621
-2955
-2158
-108
3397
6231
6798
6124
5222
3028
-189
-2401
-3791
-5255
-6074
-4673
-2260
-274
1332
2658
3564
3909
3794
2878
1626
305
-1030
-2241
-2838
-3004
-3112
-2817
-1789
-164
1423
2718
3475
3602
3037
1864
285
-1481
-3062
-3997
-3899
-2771
-1016
744
2169
3154
3541
3038
1854
272
-1481
-3085
-4089
-4328
-4114
-3550
-2938
-1978
375
3917
6399
6775
6107
5078
2611
-441
-2408
-3870
-5337
-5845
-4111
-1843
53
1622
2886
3639
3847
3630
2646
1479
197
-1045
-2115
-2502
-2660
-2781
-2432
-1351
249
1723
2931
3533
3538
2855
1631
9
-1764
-3290
-4041
-3692
-2404
-600
1100
2451
3233
3406
2733
1452
-208
-1970
-3425
-4267
-4404
-4137
-3507
-2853
-1730
923
4527
6668
6674
5893
4736
2002
-1131
-3021
-4368
-5689
-5858
-3839
-1473
392
1782
2920
3583
3739
3339
2318
1239
-6
-1279
-2240
-2471
-2648
-2777
-2356
-1138
443
1892
3043
3535
3432
2674
1345
-385
-2147
-3525
-4078
-3577
-2128
-288
1379
2608
3299
3298
2458
1081
-599
-2241
-3560
-4187
-4203
-3826
-3232
-2613
-1230
1785
5152
6742
6478
5733
4285
1219
-1572
-3275
-4570
-5826
-5408
-3145
-952
803
2100
3203
3636
3681
3091
2122
1017
-239
-1422
-2128
-2278
-2635
-2760
-2246
-902
581
1966
3032
3475
3307
2492
1187
-540
-2254
-3561
-3906
-3197
-1650
91
1576
2675
3216
3037
2049
637
-1025
-2573
-3704
-4125
-4038
-3596
-3046
-2368
-523
2825
5812
6741
6311
5571
3602
389
-1958
-3410
-4812
-5802
-4685
-2374
-450
1055
2243
3133
3395
3320
2640
1757
713
-461
-1498
-1947
-2139
-2551
-2588
-1927
-593
779
2095
2958
3216
2877
1948
553
-1171
-2798
-3843
-3853
-2868
-1219
434
1818
2751
3126
2676
1508
-4
-1601
-2964
-3814
-3983
-3811
-3345
-2824
-1942
323
3769
6174
6490
5840
4890
2455
-635
-2504
-3801
-5113
-5552
-3764
-1551
149
1501
2608
3261
3381
3175
2368
1520
459
-645
-1558
-1815
-2093
-2511
-2417
-1592
-289
994
2272
2993
3143
2685
1733
313
-1393
-2895
-3670
-3332
-2104
-462
1059
2288
3009
3055
2280
975
-575
-2102
-3292
-3851
-3842
-3559
-3053
-2502
-1266
1482
4752
6422
6279
5606
4283
1435
-1234
-2765
-4076
-5268
-4909
-2774
-861
630
1838
2757
3125
3182
2827
2002
1179
196
-825
-1530
-1736
-2168
-2578
-2368
-1354
-66
1222
2379
2974
3017
2400
1297
-268
-1960
-3278
-3745
-3154
-1806
-254
1145
2270
2889
2731
1747
323
-1297
-2773
-3826
-4180
-3981
-3450
-2877
-2225
-395
2822
5582
6364
5909
5132
3085
67
-1940
-3192
-4528
-5311
-4062
-1933
-300
1080
2202
2920
3117
3065
2482
1719
886
-105
-986
-1383
-1718
-2355
-2618
-2058
-863
450
1809
2793
3194
2970
2181
895
-772
-2417
-3500
-3511
-2554
-1085
359
1715
2737
3050
2438
1207
-297
-1904
-3264
-3999
-4024
-3651
-3059
-2455
-1112
1739
4855
6278
6036
5397
3984
1123
-1343
-2651
-3906
-5135
-4705
-2653
-857
512
1692
2558
2856
2920
2589
1915
1166
241
-746
-1342
-1509
-1999
-2466
-2286
-1323
-122
1139
2291
2943
3001
2404
1294
-244
-1931
-3306
-3776
-3088
-1620
-83
1314
2548
3210
2880
1706
246
-1360
-2884
-3896
-4154
-3902
-3319
-2629
-1749
358
3560
5884
6179
5614
4839
2580
-326
-2113
-3226
-4576
-5076
-3526
-1532
30
1335
2426
2926
3081
2955
2256
1451
556
-463
-1336
-1532
-1754
-2264
-2397
-1719
-599
543
1755
2668
3006
2632
1695
329
-1301
-2889
-3831
-3657
-2462
-882
601
2010
3080
3269
2380
980
-637
-2320
-3655
-4202
-4171
-3775
-3074
-2230
-590
2424
5361
6366
5941
5297
3677
622
-1665
-2921
-4203
-5218
-4338
-2192
-534
882
2044
2859
3134
3165
2601
1745
908
-132
-1132
-1608
-1778
-2317
-2582
-2056
-853
379
1645
2687
3191
3031
2155
831
-863
-2532
-3745
-3884
-2927
-1371
221
1721
3006
3563
3047
1731
96
-1666
-3176
-4029
-4188
-3950
-3321
-2477
-1136
1514
4668
6314
6134
5511
4370
1593
-1166
-2647
-3844
-5120
-4958
-2951
-1097
377
1666
2725
3227
3428
3103
2180
1233
148
-999
-1809
-2004
-2410
-2768
-2418
-1234
88
1310
2463
3165
3240
2531
1305
-401
-2233
-3731
-4232
-3526
-2071
-424
1142
2632
3545
3427
2310
704
-1122
-2801
-3885
-4247
-4179
-3727
-2928
-1668
856
4057
6035
6079
5484
4585
2062
-797
-2476
-3663
-5019
-5271
-3529
-1683
-231
1073
2265
2922
3219
3074
2322
1473
417
-768
-1745
-2079
-2470
-2774
-2426
-1252
126
1362
2550
3329
3552
2926
1686
-25
-1891
-3476
-4188
-3660
-2192
-368
1318
2793
3758
3845
2862
1249
-649
-2419
-3642
-4159
-4168
-3784
-3033
-2054
-84
3085
5691
6357
5907
5269
3372
409
-1602
-2937
-4385
-5238
-4067
-2114
-591
775
1980
2861
3321
3476
2877
1964
896
-312
-1434
-2037
-2500
-3037
-2980
-1989
-437
1018
2355
3248
3544
3078
1963
396
-1541
-3302
-4324
-4157
-3034
-1373
352
1901
3085
3508
2909
1507
-288
-2089
-3466
-4174
-4375
-4219
-3682
-2760
-809
2375
5140
6072
5777
5245
3559
654
-1441
-2835
-4291
-5402
-4553
-2632
-1056
346
1555
2578
3132
3390
2925
2134
1097
-175
-1363
-2018
-2427
-2981
-2980
-2125
-565
967
2409
3450
3916
3617
2509
942
-1033
-2922
-4192
-4202
-3061
-1285
595
2290
3612
4180
3683
2300
461
-1500
-3117
-4024
-4274
-4160
-3704
-2886
-1133
1980
5000
6194
5923
5396
3960
1138
-1145
-2481
-3910
-5200
-4650
-2731
-1118
241
1501
2550
3131
3452
3116
2308
1296
25
-1282
-2141
-2632
-3218
-3358
-2599
-1006
683
2209
3305
3805
3570
2482
879
-1033
-2971
-4440
-4698
-3684
-1899
1
1771
3182
3861
3497
2232
527
-1392
-3102
-4133
-4386
-4252
-3801
-3044
-1655
1069
4262
5984
5939
5423
4417
1794
-824
-2312
-3611
-5030
-5088
-3297
-1578
-106
1206
2343
2999
3439
3328
2551
1647
488
-746
-1752
-2250
-2860
-3161
-2658
-1278
402
2037
3360
4012
4032
3174
1678
-235
-2208
-3841
-4460
-3740
-2079
-179
1574
3098
4049
3995
2845
1165
-760
-2643
-3982
-4424
-4341
-4004
-3357
-2227
46
3245
5547
5903
5324
4565
2508
-301
-2035
-3223
-4598
-5319
-4026
-2183
-710
619
1861
2790
3318
3498
2904
2031
857
-451
-1620
-2235
-2784
-3278
-3022
-1816
-86
1593
3072
3909
4091
3448
2124
295
-1729
-3479
-4422
-4015
-2586
-730
1030
2625
3801
4055
3209
1668
-102
-1945
-3421
-4157
-4286
-4067
-3578
-2544
-150
3280
5689
5971
5410
4762
2599
-291
-2029
-3132
-4612
-5321
-3923
-2140
-769
503
1781
2655
3200
3307
2670
1871
765
-637
-1897
-2489
-3102
-3669
-3400
-2123
-417
1283
2849
3799
4071
3449
2085
187
-1889
-3751
-4773
-4482
-3085
-1121
846
2620
3874
4237
3424
1912
85
-1815
-3397
-4200
-4313
-4051
-3440
-2407
-193
3184
5876
6428
5798
5119
3175
191
-1725
-2843
-4193
-5110
-3962
-2081
-674
609
1848
2821
3360
3552
3026
2256
1154
-244
-1521
-2221
-2826
-3453
-3279
-2137
-425
1280
2887
3933
4252
3638
2213
363
-1744
-3666
-4798
-4603
-3286
-1388
614
2426
3704
4123
3453
1976
114
-1862
-3512
-4439
-4651
-4400
-3791
-2838
-785
2561
5396
6209
5690
5004
3206
290
-1747
-3011
-4406
-5371
-4402
-2489
-966
383
1629
2667
3263
3508
3065
2340
1283
-114
-1377
-2136
-2776
-3477
-3413
-2370
-720
1002
2658
3850
4380
4018
2751
877
-1293
-3320
-4609
-4604
-3442
-1580
431
2307
3733
4367
3917
2583
789
-1182
-2939
-4033
-4356
-4193
-3670
-2796
-906
2237
5111
6164
5717
4984
3305
529
-1584
-2870
-4107
-5111
-4360
-2558
-1038
240
1412
2466
3102
3424
3047
2326
1242
-170
-1487
-2305
-2938
-3646
-3659
-2714
-1059
682
2338
3504
4074
3900
2807
1044
-1119
-3137
-4504
-4649
-3647
-1952
-4
1876
3412
4155
3793
2501
727
-1200
-2969
-4115
-4496
-4330
-3818
-2886
-839
2469
5326
6193
5718
5072
3381
489
-1635
-2828
-4085
-5056
-4114
-2196
-686
551
1738
2696
3182
3385
2978
2303
1296
-17
-1222
-1907
-2600
-3433
-3505
-2514
-873
851
2556
3737
4277
4063
2963
1116
-1133
-3160
-4495
-4615
-3583
-1854
72
1865
3320
4034
3669
2373
607
-1296
-3054
-4219
-4601
-4398
-3890
-2883
-509
3048
5668
6188
5598
4828
2734
-283
-2130
-3226
-4438
-5125
-3800
-1875
-490
681
1755
2605
3018
3131
2656
2046
1006
-374
-1488
-2002
-2653
-3444
-3353
-2286
-713
879
2479
3575
4046
3750
2633
821
-1384
-3364
-4579
-4513
-3367
-1556
368
2117
3475
4079
3594
2226
436
-1472
-3134
-4148
-4387
-4113
-3527
-2579
-419
2953
5611
6197
5573
4852
2924
-10
-1942
-3013
-4188
-4933
-3753
-1774
-308
832
1851
2630
2989
3061
2647
2053
1042
-291
-1343
-1848
-2479
-3303
-3362
-2406
-889
716
2312
3429
3896
3631
2650
1040
-1054
-3083
-4397
-4499
-3493
-1840
7
1744
3110
3814
3506
2285
555
-1352
-2998
-3973
-4236
-4019
-3541
-2740
-793
2490
5258
6031
5535
4861
3140
301
-1627
-2753
-4000
-4864
-3877
-1954
-507
706
1718
2515
2910
3045
2610
1990
1050
-258
-1297
-1761
-2258
-3090
-3208
-2326
-838
722
2260
3325
3818
3633
2650
1073
-950
-2906
-4281
-4437
-3490
-1914
-164
1505
2900
3627
3383
2286
744
-1030
-2660
-3681
-4021
-3972
-3636
-2855
-889
2415
5214
6044
5530
4841
3105
234
-1779
-2970
-4195
-5036
-3977
-2025
-489
793
1847
2623
2983
3108
2636
2023
1128
-153
-1247
-1722
-2222
-3032
-3201
-2409
-1009
480
1971
3033
3597
3504
2582
1026
-916
-2792
-4128
-4307
-3395
-1839
-80
1615
2993
3670
3349
2188
633
-1116
-2718
-3722
-4046
-3921
-3576
-2849
-871
2433
5146
5817
5290
4678
2861
28
-1820
-2855
-4031
-4824
-3670
-1815
-345
891
1973
2738
3070
3109
2533
1886
922
-338
-1364
-1685
-2064
-2763
-2869
-2052
-664
749
2095
2991
3454
3283
2358
835
-1026
-2788
-3979
-4047
-3100
-1563
97
1651
2904
3488
3098
1950
455
-1186
-2695
-3625
-3888
-3735
-3358
-2667
-695
2637
5298
5868
5214
4564
2745
-129
-2000
-3053
-4163
-4892
-3629
-1664
-167
1060
2125
2895
3166
3122
2476
1789
793
-472
-1472
-1729
-2030
-2655
-2708
-1914
-575
745
2020
2863
3327
3171
2239
774
-1005
-2702
-3897
-3974
-3048
-1544
54
1558
2764
3312
2940
1786
278
-1430
-2969
-3870
-4075
-3832
-3330
-2595
-802
2345
5046
5684
5022
4447
2798
-42
-1926
-2897
-4028
-4898
-3751
-1762
-306
894
1927
2657
2936
2997
2423
1681
740
-466
-1501
-1853
-2051
-2565
-2619
-1857
-489
847
2068
2923
3345
3195
2288
887
-823
-2487
-3638
-3747
-2846
-1369
198
1624
2756
3312
2944
1807
325
-1280
-2717
-3563
-3690
-3464
-3041
-2444
-1026
1833
4716
5830
5387
4724
3403
673
-1515
-2677
-3746
-4750
-4164
-2177
-581
734
1793
2677
3048
3166
2718
1888
928
-309
-1401
-1971
-2105
-2513
-2634
-2078
-808
557
1750
2638
3101
3104
2321
1019
-605
-2312
-3689
-4055
-3282
-1796
-214
1247
2490
3232
3110
2117
721
-880
-2411
-3463
-3748
-3628
-3260
-2730
-1709
649
3712
5499
5412
4756
3892
1611
-916
-2291
-3346
-4517
-4670
-2953
-1193
197
1423
2490
3111
3389
3254
2449
1502
253
-1007
-1929
-2175
-2470
-2747
-2445
-1367
46
1277
2321
2945
3174
2678
1565
83
-1621
-3189
-3979
-3583
-2276
-710
745
2063
3050
3301
2554
1277
-232
-1811
-3097
-3652
-3661
-3427
-3001
-2270
-440
2602
5061
5633
5081
4439
2702
-2
-1694
-2793
-4003
-4789
-3631
-1769
-346
907
1966
2784
3180
3318
2686
1860
780
-497
-1639
-2108
-2320
-2695
-2619
-1833
-431
884
2035
2822
3225
2979
2001
623
-996
-2656
-3822
-3846
-2841
-1311
151
1522
2705
3317
2904
1731
323
-1240
-2679
-3503
-3641
-3513
-3148
-2572
-1335
1297
4335
5805
5581
4923
3817
1234
-1087
-2308
-3484
-4690
-4530
-2671
-1068
307
1493
2492
3062
3394
3137
2304
1390
170
-1085
-1961
-2213
-2625
-2831
-2368
-1130
268
1530
2589
3182
3293
2624
1403
-207
-1967
-3463
-4035
-3426
-2044
-560
806
2096
3056
3133
2248
933
-601
-2114
-3252
-3652
-3679
-3456
-2999
-2204
-213
2858
5151
5588
5062
4389
2392
-301
-1864
-3030
-4274
-4916
-3555
-1771
-326
1006
2076
2867
3256
3358
2660
1856
772
-505
-1663
-2119
-2423
-2812
-2629
-1750
-369
910
2152
3001
3389
3082
2073
591
-1157
-2819
-3824
-3671
-2586
-1095
282
1622
2718
3178
2653
1523
148
-1379
-2698
-3446
-3659
-3624
-3175
-2476
-1159
1506
4465
5800
5496
4878
3709
1058
-1179
-2412
-3627
-4779
-4462
-2588
-1028
412
1640
2644
3223
3569
3275
2447
1567
309
-1019
-1943
-2246
-2704
-2860
-2331
-1147
207
1550
2690
3273
3317
2608
1325
-391
-2160
-3621
-4105
-3473
-2107
-583
865
2258
3175
3228
2343
1033
-521
-2031
-3162
-3699
-3847
-3610
-3029
-2241
-401
2699
5156
5704
5229
4651
2812
-42
-1753
-2968
-4323
-5149
-3962
-2111
-673
749
1948
2910
3469
3680
3007
2177
1109
-285
-1622
-2273
-2665
-3151
-3001
-2133
-732
712
2165
3139
3588
3378
2405
866
-991
-2732
-3936
-4012
-3058
-1557
25
1550
2828
3463
3086
1967
525
-1016
-2428
-3411
-3846
-3883
-3461
-2842
-1732
801
3990
5717
5700
5233
4401
1854
-680
-2075
-3399
-4827
-5005
-3255
-1662
-185
1146
2336
3126
3619
3512
2709
1881
595
-869
-2018
-2429
-2971
-3246
-2800
-1627
-172
1318
2695
3460
3731
3179
1917
153
-1728
-3380
-4176
-3805
-2593
-1043
505
1999
3097
3402
2723
1489
35
-1447
-2746
-3515
-3852
-3767
-3251
-2523
-850
2209
4985
5868
5479
5014
3460
542
-1470
-2748
-4123
-5178
-4278
-2412
-961
462
1687
2728
3337
3649
3126
2389
1464
89
-1350
-2189
-2637
-3215
-3239
-2528
-1157
349
1952
3165
3792
3697
2711
1134
-763
-2582
-3935
-4228
-3441
-1920
-262
1341
2706
3443
3199
2144
756
-790
-2283
-3401
-3925
-4004
-3525
-2852
-1939
305
3583
5686
5795
5311
4670
2350
-452
-2008
-3289
-4788
-5239
-3539
-1737
-296
1072
2324
3219
3725
3710
2938
2157
998
-504
-1824
-2364
-2918
-3405
-3129
-1991
-459
1082
2599
3537
3876
3362
2085
285
-1672
-3408
-4361
-4107
-2898
-1270
401
2021
3230
3588
2886
1604
59
-1558
-3016
-3918
-4216
-4016
-3401
-2669
-1128
1897
4851
5905
5532
5096
3751
813
-1311
-2539
-3947
-5234
-4515
-2492
-1032
394
1751
2975
3593
3888
3399
2599
1656
206
-1311
-2219
-2656
-3369
-3485
-2658
-1091
494
2126
3408
3996
3864
2857
1279
-680
-2559
-3998
-4350
-3559
-2075
-388
1338
2863
3633
3327
2198
749
-878
-2453
-3619
-4148
-4167
-3740
-3093
-1897
790
4092
5901
5905
5434
4463
1818
-768
-2231
-3661
-5178
-5216
-3307
-1580
-96
1290
2592
3418
3798
3549
2767
1917
525
-1051
-2186
-2603
-3214
-3560
-3036
-1655
-29
1567
3042
3903
4066
3296
1853
-81
-2107
-3795
-4548
-4048
-2690
-963
806
2526
3677
3756
2857
1448
-245
-2021
-3478
-4235
-4421
-4046
-3320
-2306
-97
3231
5747
6268
5838
5175
3029
79
-1771
-3149
-4732
-5483
-4045
-2114
-605
847
2199
3218
3771
3864
3140
2252
1042
-535
-1963
-2590
-3029
-3517
-3288
-2169
-520
1113
2687
3716
4107
3656
2369
511
-1589
-3485
-4680
-4588
-3361
-1566
270
2050
3454
3962
3335
1984
290
-1548
-3162
-4169
-4563
-4425
-3709
-2779
-1227
1774
5007
6364
5983
5396
4112
1165
-1333
-2773
-4255
-5599
-5071
-2934
-1211
339
1804
3020
3743
4131
3697
2722
1679
211
-1413
-2430
-2795
-3373
-3521
-2694
-1097
602
2265
3571
4175
4063
3063
1383
-740
-2802
-4368
-4798
-3948
-2291
-374
1483
3117
4085
3958
2824
1163
-726
-2570
-3935
-4573
-4674
-4216
-3353
-2099
518
4057
6284
6395
5810
5078
2487
-510
-2252
-3714
-5367
-5763
-3849
-1968
-371
1157
2573
3512
4082
4004
3061
2077
696
-950
-2255
-2714
-3328
-3761
-3259
-1836
-120
1559
3116
3992
4222
3523
2069
23
-2212
-4087
-5004
-4545
-3119
-1183
784
2617
3954
4265
3431
1885
59
-1879
-3492
-4393
-4649
-4334
-3571
-2350
100
3658
6159
6501
5947
5202
2918
-160
-2001
-3356
-4947
-5614
-4096
-2137
-538
969
2297
3300
3902
3934
3108
2181
915
-680
-2024
-2625
-3227
-3808
-3510
-2257
-547
1197
2859
3911
4285
3710
2313
317
-1956
-3945
-5082
-4820
-3498
-1554
498
2373
3781
4178
3419
1861
-19
-1999
-3676
-4587
-4834
-4532
-3804
-2716
-514
2988
5788
6354
5828
5268
3251
84
-1889
-3091
-4690
-5660
-4338
-2331
-777
730
2165
3247
3947
4224
3535
2604
1417
-149
-1615
-2330
-2905
-3527
-3334
-2173
-502
1223
2972
4139
4646
4272
2971
1037
-1219
-3247
-4568
-4585
-3432
-1567
520
2441
3926
4494
3856
2341
454
-1551
-3340
-4389
-4700
-4491
-3841
-2888
-1063
2162
5253
6298
5878
5407
3861
808
-1462
-2756
-4338
-5698
-4925
-2982
-1470
-4
1455
2630
3367
3840
3410
2509
1399
-82
-1603
-2578
-3239
-4006
-4045
-3071
-1384
434
2298
3657
4304
4134
2990
1190
-1046
-3165
-4696
-5015
-4101
-2366
-306
1632
3221
4073
3782
2514
790
-1138
-2985
-4181
-4537
-4391
-3874
-3005
-1378
1610
4778
6178
5909
5390
4180
1383
-972
-2322
-3773
-5236
-4868
-2965
-1458
-65
1281
2535
3361
3972
3775
2977
1964
569
-898
-1984
-2705
-3600
-3793
-2968
-1354
437
2313
3802
4561
4501
3451
1703
-548
-2677
-4297
-4728
-3963
-2302
-261
1690
3343
4266
4105
2876
1185
-733
-2635
-3971
-4466
-4441
-4052
-3244
-1589
1472
4717
6264
5991
5440
4249
1525
-828
-2203
-3607
-5137
-4870
-3060
-1571
-245
1035
2223
3047
3717
3598
2877
1894
524
-960
-2040
-2789
-3735
-4032
-3284
-1694
53
1889
3428
4283
4309
3296
1528
-774
-3028
-4690
-5140
-4373
-2696
-622
1361
2993
3921
3779
2586
912
-982
-2850
-4141
-4593
-4498
-4127
-3376
-1578
1669
4853
6150
5789
5204
3829
1043
-1196
-2481
-3862
-5191
-4700
-2847
-1388
-144
1123
2326
3187
3795
3638
2973
2053
687
-754
-1774
-2554
-3503
-3765
-2972
-1417
308
2101
3581
4388
4391
3374
1643
-578
-2727
-4305
-4746
-3947
-2232
-103
1884
3475
4328
4106
2863
1136
-820
-2749
-4043
-4454
-4301
-3859
-3111
-1501
1632
4918
6385
5952
5237
3938
1162
-1117
-2397
-3690
-5057
-4591
-2650
-1173
-7
1131
2247
3003
3617
3497
2855
1941
627
-782
-1803
-2598
-3627
-3951
-3202
-1666
20
1808
3277
4105
4185
3290
1616
-618
-2798
-4396
-4841
-4160
-2609
-596
1378
2998
3934
3865
2725
1006
-950
-2886
-4211
-4659
-4520
-4072
-3340
-1700
1429
4706
6161
5748
4991
3684
1001
-1256
-2516
-3748
-4990
-4556
-2675
-1217
-75
981
2059
2828
3388
3286
2727
1920
675
-623
-1568
-2350
-3439
-3847
-3146
-1634
78
1912
3458
4349
4488
3642
1990
-288
-2528
-4168
-4640
-3978
-2470
-467
1517
3190
4132
4047
2952
1289
-654
-2563
-3833
-4271
-4109
-3665
-2939
-1263
1949
5141
6334
5806
5103
3686
892
-1211
-2338
-3549
-4777
-4168
-2308
-982
116
1119
2112
2794
3319
3119
2519
1664
396
-899
-1777
-2571
-3679
-4040
-3305
-1775
-99
1701
3150
3960
4018
3120
1460
-743
-2858
-4396
-4786
-4043
-2468
-516
1348
2895
3768
3585
2411
754
-1125
-2944
-4128
-4507
-4398
-3984
-3210
-1388
1903
5101
6278
5757
5072
3635
849
-1285
-2403
-3631
-4802
-4138
-2242
-896
175
1227
2259
2938
3386
3199
2664
1835
571
-634
-1448
-2300
-3466
-3815
-3018
-1516
180
1997
3415
4199
4236
3390
1700
-542
-2660
-4176
-4495
-3757
-2190
-280
1553
3051
3833
3603
2468
921
-881
-2630
-3752
-4131
-4070
-3771
-3026
-937
2515
5376
6106
5448
4798
3006
213
-1615
-2694
-3969
-4928
-3746
-1890
-587
428
1443
2319
2864
3146
2748
2245
1344
75
-1068
-1668
-2501
-3525
-3652
-2678
-1166
435
2082
3244
3896
3751
2787
1061
-1058
-3044
-4350
-4410
-3473
-1826
18
1756
3058
3605
3145
1868
254
-1533
-3111
-4005
-4149
-3886
-3482
-2545
-79
3448
5825
5971
5268
4431
2198
-512
-2021
-3030
-4421
-4860
-3238
-1418
-188
826
1834
2612
3155
3179
2611
2008
1025
-288
-1248
-1680
-2524
-3384
-3235
-2077
-642
894
2383
3346
3768
3421
2280
503
-1482
-3206
-4196
-4052
-2940
-1263
502
2123
3314
3619
2890
1507
-138
-1917
-3386
-4036
-4015
-3655
-3164
-2163
280
3696
5872
5862
5111
4234
1954
-694
-2082
-3109
-4470
-4793
-3031
-1215
-12
966
1941
2677
3106
3061
2425
1730
640
-587
-1429
-1835
-2673
-3402
-3110
-1893
-388
1189
2567
3358
3656
3216
2044
200
-1735
-3370
-4143
-3773
-2553
-805
895
2386
3336
3468
2660
1280
-280
-1934
-3204
-3774
-3739
-3439
-3014
-1820
985
4276
5927
5621
4947
3839
1263
-996
-2190
-3342
-4661
-4369
-2486
-962
244
1259
2128
2732
3184
2895
2154
1407
306
-934
-1659
-2061
-2925
-3374
-2800
-1502
-88
1440
2622
3265
3400
2782
1462
-423
-2234
-3643
-4096
-3534
-2196
-447
1198
2515
3217
3078
2066
680
-850
-2396
-3478
-3841
-3702
-3395
-2858
-1385
1617
4715
5959
5493
4795
3366
670
-1347
-2457
-3730
-4899
-4158
-2223
-753
459
1573
2507
3099
3413
2898
2083
1155
-37
-1117
-1646
-2150
-2951
-3069
-2245
-919
487
1935
2857
3275
3165
2366
910
-907
-2514
-3650
-3806
-3098
-1701
4
1604
2799
3312
2943
1818
414
-1129
-2569
-3488
-3769
-3635
-3268
-2580
-776
2423
5267
6025
5345
4598
2827
85
-1679
-2711
-4045
-4957
-3772
-1868
-481
735
1882
2733
3252
3392
2715
1863
826
-397
-1420
-1817
-2360
-3014
-2774
-1660
-327
990
2295
2984
3198
2869
1979
467
-1264
-2710
-3565
-3508
-2709
-1246
397
1881
2865
3152
2538
1261
-190
-1721
-3058
-3771
-3835
-3548
-3093
-2372
-481
2644
5246
5751
5004
4241
2355
-279
-1931
-2957
-4288
-5017
-3674
-1811
-439
744
1877
2731
3289
3384
2664
1750
579
-695
-1601
-1917
-2444
-2968
-2569
-1371
-62
1223
2383
2925
3007
2551
1584
75
-1536
-2823
-3440
-3162
-2266
-849
716
2063
2901
3019
2339
1087
-342
-1780
-2947
-3428
-3369
-3054
-2689
-2024
-1
3161
5422
5634
4969
4271
2196
-322
-1708
-2807
-4263
-4771
-3226
-1522
-174
1083
2206
2955
3484
3434
2604
1646
393
-902
-1725
-1967
-2558
-2981
-2450
-1181
135
1443
2522
2973
2936
2327
1237
-369
-2007
-3258
-3674
-3216
-2131
-601
945
2184
2856
2790
1885
560
-823
-2190
-3236
-3578
-3447
-3158
-2818
-2044
143
3306
5380
5399
4744
3973
1822
-554
-1853
-2950
-4426
-4781
-3178
-1511
-180
1046
2180
2934
3475
3383
2562
1591
312
-1002
-1813
-2088
-2673
-2950
-2269
-900
450
1756
2766
3113
2955
2244
1047
-621
-2210
-3343
-3621
-3024
-1769
-141
1340
2477
3055
2879
1855
490
-887
-2228
-3182
-3440
-3265
-2954
-2594
-1821
392
3524
5444
5343
4727
4053
1941
-451
-1731
-2886
-4406
-4721
-3064
-1380
-69
1173
2302
3099
3602
3459
2584
1533
160
-1188
-1977
-2288
-2871
-3069
-2276
-889
482
1797
2733
2964
2738
2003
813
-810
-2345
-3365
-3544
-2875
-1629
-52
1406
2446
2911
2639
1593
224
-1173
-2471
-3323
-3489
-3247
-2874
-2513
-1750
461
3596
5491
5364
4773
4064
1854
-540
-1800
-2970
-4484
-4694
-2949
-1310
5
1280
2423
3194
3719
3565
2621
1492
66
-1273
-2060
-2362
-2931
-3043
-2158
-730
689
2044
2964
3154
2863
2029
698
-1019
-2580
-3601
-3687
-2932
-1655
-95
1358
2423
2891
2657
1638
288
-1116
-2432
-3342
-3545
-3294
-2931
-2573
-1790
428
3515
5398
5311
4770
4079
1915
-452
-1714
-2916
-4492
-4767
-3092
-1473
-207
1071
2237
3067
3656
3596
2711
1554
102
-1280
-2075
-2390
-2921
-2989
-2044
-585
839
2171
3052
3236
2929
2127
852
-807
-2355
-3392
-3500
-2779
-1510
78
1524
2551
2979
2739
1730
359
-1055
-2388
-3266
-3472
-3286
-2953
-2565
-1691
635
3696
5448
5253
4713
3899
1564
-747
-1971
-3214
-4817
-4893
-3160
-1608
-317
997
2185
3015
3679
3551
2626
1442
-49
-1468
-2270
-2598
-3135
-3075
-2005
-460
967
2333
3205
3285
2848
1913
551
-1131
-2651
-3615
-3629
-2822
-1436
226
1732
2747
3140
2827
1772
357
-1128
-2470
-3338
-3498
-3280
-2860
-2392
-1600
553
3644
5539
5419
4795
4106
1921
-518
-1818
-3030
-4607
-4910
-3191
-1534
-268
985
2197
3053
3661
3583
2638
1419
-82
-1442
-2240
-2514
-3025
-3058
-2090
-599
824
2149
3104
3245
2850
1919
555
-1156
-2713
-3688
-3746
-2913
-1519
184
1678
2667
3011
2706
1693
293
-1166
-2481
-3298
-3439
-3171
-2792
-2352
-1524
637
3691
5590
5547
4891
4060
1881
-511
-1823
-3083
-4631
-4892
-3240
-1573
-233
1097
2290
3169
3795
3702
2734
1511
5
-1376
-2154
-2465
-3003
-3049
-2058
-602
801
2115
3031
3155
2766
1865
510
-1125
-2617
-3598
-3708
-2895
-1499
170
1686
2716
3102
2811
1800
363
-1155
-2520
-3361
-3521
-3286
-2929
-2560
-1666
686
3764
5525
5417
4835
3915
1597
-631
-1879
-3232
-4774
-4816
-3109
-1499
-57
1281
2439
3299
3898
3634
2616
1391
-135
-1524
-2267
-2615
-3198
-3130
-2064
-542
905
2284
3160
3267
2843
1829
360
-1304
-2747
-3644
-3645
-2729
-1231
425
1861
2772
3064
2654
1575
150
-1357
-2686
-3485
-3585
-3316
-2908
-2477
-1574
732
3797
5538
5422
4825
3949
1693
-583
-1857
-3181
-4716
-4835
-3120
-1503
-147
1098
2223
3085
3723
3597
2664
1488
10
-1312
-2080
-2499
-3100
-3046
-1975
-468
986
2360
3222
3319
2920
1959
487
-1218
-2647
-3575
-3598
-2713
-1251
356
1704
2607
2927
2587
1550
201
-1224
-2517
-3311
-3419
-3213
-2867
-2410
-1510
645
3620
5490
5418
4807
3980
1808
-521
-1805
-3080
-4649
-4882
-3226
-1617
-294
1015
2157
3039
3725
3639
2661
1507
90
-1277
-2117
-2521
-3097
-3142
-2176
-726
706
2065
2986
3172
2872
1966
566
-1059
-2547
-3552
-3683
-2862
-1431
199
1607
2540
2960
2704
1676
303
-1126
-2456
-3319
-3452
-3214
-2898
-2511
-1719
351
3336
5305
5449
4933
4161
2037
-278
-1586
-2873
-4428
-4764
-3237
-1668
-280
1038
2183
3067
3776
3731
2781
1651
232
-1133
-2017
-2424
-3021
-3114
-2215
-815
620
1987
2956
3210
2967
2120
750
-881
-2398
-3515
-3724
-2950
-1548
83
1479
2469
2927
2734
1758
389
-1043
-2418
-3357
-3586
-3400
-3075
-2624
-1826
135
3125
5252
5510
4958
4218
2243
-159
-1508
-2740
-4280
-4813
-3420
-1800
-447
883
2029
2918
3579
3650
2774
1684
335
-1008
-1923
-2348
-2854
-3031
-2259
-930
511
1892
2939
3265
3036
2221
898
-699
-2274
-3477
-3851
-3217
-1891
-263
1200
2240
2761
2685
1892
657
-747
-2162
-3185
-3484
-3305
-2954
-2514
-1845
-151
2751
5082
5529
4944
4248
2486
34
-1393
-2532
-3982
-4718
-3503
-1857
-558
722
1812
2712
3393
3646
2895
1880
612
-736
-1755
-2246
-2702
-2966
-2364
-1168
207
1535
2631
3061
2978
2296
1081
-444
-1996
-3227
-3778
-3332
-2081
-392
1160
2256
2854
2865
2117
863
-509
-1928
-3051
-3450
-3275
-2943
-2505
-1976
-900
1448
4179
5457
5152
4512
3310
974
-930
-2109
-3450
-4653
-4189
-2464
-1020
300
1477
2450
3142
3663
3354
2394
1204
-136
-1320
-2091
-2568
-3037
-2896
-2013
-664
731
1990
2762
2978
2664
1748
394
-1148
-2566
-3488
-3501
-2614
-1095
461
1695
2523
2883
2561
1534
249
-1145
-2430
-3186
-3294
-3147
-2852
-2422
-1699
109
2962
5037
5352
4822
4094
2241
-33
-1351
-2598
-4069
-4603
-3312
-1784
-497
773
1872
2695
3355
3518
2769
1770
544
-678
-1619
-2104
-2617
-2913
-2460
-1351
53
1433
2504
2961
2948
2337
1176
-330
-1865
-3077
-3558
-3070
-1850
-350
938
1895
2507
2572
1892
747
-542
-1850
-2825
-3155
-3113
-2984
-2697
-2187
-906
1649
4298
5374
5055
4497
3196
860
-894
-2108
-3576
-4700
-4035
-2393
-1018
324
1530
2491
3246
3770
3364
2414
1252
-49
-1195
-1887
-2405
-2937
-2817
-1937
-592
797
2045
2801
3051
2733
1794
433
-1143
-2637
-3591
-3554
-2614
-1154
269
1426
2249
2595
2240
1283
104
-1183
-2319
-2947
-3111
-3110
-2912
-2534
-1704
340
3196
5042
5242
4841
4084
2108
36
-1283
-2706
-4240
-4521
-3176
-1782
-446
824
1939
2828
3636
3727
2927
1819
467
-796
-1687
-2213
-2885
-3127
-2555
-1362
1
1361
2405
2895
2929
2340
1219
-296
-1908
-3179
-3581
-2990
-1762
-355
914
1889
2465
2453
1740
618
-652
-1818
-2635
-2968
-3076
-3040
-2799
-2243
-742
1958
4394
5252
5035
4589
3167
883
-741
-2102
-3695
-4712
-3900
-2413
-1110
221
1453
2524
3409
3879
3353
2401
1150
-196
-1329
-2057
-2726
-3209
-2903
-1908
-533
913
2144
2832
3144
2849
1903
509
-1067
-2513
-3330
-3114
-2165
-850
456
1557
2290
2541
2108
1152
-3
-1210
-2238
-2830
-3051
-3144
-3024
-2667
-1718
463
3228
4898
5138
4864
4023
1930
-80
-1459
-3005
-4481
-4530
-3152
-1839
-536
739
1916
2891
3676
3647
2825
1714
367
-864
-1742
-2434
-3194
-3295
-2532
-1279
139
1588
2598
3064
3096
2460
1202
-374
-1905
-3036
-3279
-2643
-1508
-258
920
1817
2330
2291
1616
572
-591
-1670
-2496
-2921
-3145
-3199
-3025
-2511
-1069
1570
4039
5071
5063
4732
3361
1152
-478
-1980
-3747
-4817
-4076
-2683
-1409
15
1373
2562
3586
4168
3725
2752
1481
114
-1066
-1918
-2757
-3339
-3054
-2106
-726
804
2139
2949
3343
3144
2183
702
-980
-2490
-3365
-3279
-2472
-1267
21
1159
2025
2414
2140
1288
179
-991
-2033
-2705
-3073
-3251
-3175
-2823
-1767
594
3365
4939
5180
4993
4080
1996
179
-1264
-3033
-4617
-4606
-3359
-2149
-739
701
2053
3249
4166
4080
3209
1961
469
-912
-1960
-2778
-3463
-3387
-2591
-1242
375
1834
2767
3264
3216
2371
958
-714
-2291
-3375
-3511
-2818
-1668
-331
873
1835
2415
2321
1571
476
-724
-1833
-2574
-2982
-3236
-3264
-3037
-2216
-85
2825
4769
5238
5092
4421
2516
546
-910
-2646
-4391
-4771
-3602
-2355
-996
459
1868
3098
4106
4226
3419
2243
779
-666
-1876
-2776
-3534
-3527
-2650
-1286
228
1657
2650
3182
3271
2609
1274
-409
-1986
-3122
-3441
-2931
-1855
-489
834
1917
2579
2599
1920
821
-438
-1637
-2535
-3006
-3241
-3217
-2939
-2368
-884
1812
4339
5399
5411
4962
3451
1229
-400
-1992
-3864
-4910
-4185
-2840
-1505
30
1441
2663
3754
4293
3707
2613
1244
-254
-1517
-2436
-3273
-3762
-3364
-2237
-644
1051
2369
3060
3350
3024
1940
402
-1241
-2674
-3446
-3286
-2453
-1209
115
1263
2133
2555
2260
1367
204
-1036
-2105
-2748
-3116
-3344
-3264
-2908
-1900
403
3234
4964
5318
5169
4302
2226
309
-1238
-3070
-4656
-4708
-3521
-2277
-773
715
2058
3267
4187
4093
3246
2101
601
-868
-2014
-2896
-3595
-3433
-2571
-1303
289
1828
2827
3324
3389
2601
1123
-477
-1912
-2978
-3303
-2798
-1737
-426
819
1806
2398
2397
1768
750
-455
-1692
-2650
-3129
-3341
-3345
-3128
-2549
-925
1868
4361
5388
5362
4885
3359
1250
-365
-2051
-3926
-4889
-4098
-2803
-1454
43
1458
2736
3874
4373
3810
2760
1329
-175
-1448
-2400
-3345
-3847
-3385
-2200
-589
1089
2369
3089
3419
3042
1889
276
-1399
-2802
-3497
-3235
-2311
-1067
194
1274
2116
2476
2145
1284
146
-1097
-2216
-2930
-3361
-3555
-3415
-2996
-1852
615
3466
5091
5439
5323
4324
2210
350
-1240
-3177
-4766
-4645
-3415
-2140
-618
906
2286
3506
4368
4182
3278
1954
337
-1098
-2115
-2931
-3587
-3481
-2606
-1130
627
2152
3068
3531
3366
2403
965
-670
-2242
-3302
-3416
-2725
-1563
-220
966
1921
2509
2420
1695
612
-643
-1851
-2656
-3077
-3366
-3408
-3128
-2244
-22
2948
4935
5459
5364
4609
2599
615
-946
-2855
-4641
-4925
-3827
-2642
-1197
334
1754
3075
4156
4252
3458
2260
674
-827
-1913
-2803
-3688
-3788
-2991
-1639
46
1670
2738
3265
3315
2581
1214
-386
-1987
-3240
-3628
-3107
-2021
-639
698
1755
2444
2544
1986
982
-238
-1496
-2472
-2977
-3227
-3303
-3160
-2677
-1169
1607
4180
5345
5417
5072
3661
1574
-35
-1777
-3726
-4822
-4126
-2882
-1560
-39
1385
2657
3793
4397
3912
2873
1428
-54
-1291
-2222
-3202
-3738
-3241
-2049
-487
1105
2386
3090
3383
3053
1976
431
-1209
-2611
-3364
-3239
-2461
-1234
119
1318
2174
2532
2262
1453
340
-931
-2109
-2918
-3342
-3482
-3361
-3046
-2114
187
3087
4959
5438
5282
4366
2322
489
-1069
-2997
-4739
-4858
-3662
-2386
-886
591
1928
3139
4168
4184
3337
2050
503
-868
-1863
-2758
-3678
-3746
-2901
-1467
215
1828
2866
3362
3385
2647
1251
-466
-2106
-3284
-3597
-3066
-1948
-552
778
1810
2464
2553
2007
1033
-186
-1453
-2475
-3093
-3453
-3547
-3380
-2817
-1138
1755
4291
5391
5511
5107
3562
1529
-33
-1874
-3921
-4924
-4201
-2979
-1569
13
1421
2730
3952
4506
3985
2927
1417
-123
-1341
-2325
-3343
-3780
-3183
-1962
-386
1223
2475
3190
3484
3084
1933
334
-1395
-2818
-3535
-3400
-2602
-1317
105
1321
2203
2509
2150
1309
193
-1049
-2173
-2914
-3334
-3497
-3386
-3024
-1900
599
3431
5149
5531
5277
4106
2028
319
-1378
-3370
-4921
-4747
-3568
-2223
-633
817
2146
3391
4344
4200
3287
1880
313
-1005
-1955
-2898
-3679
-3531
-2569
-1087
576
2071
2996
3435
3269
2356
865
-890
-2482
-3471
-3556
-2867
-1653
-216
1100
2110
2685
2633
2007
957
-314
-1559
-2526
-3151
-3471
-3484
-3236
-2455
-463
2361
4514
5323
5271
4579
2837
985
-627
-2534
-4379
-4884
-3886
-2583
-1098
390
1763
2990
4062
4311
3613
2391
846
-599
-1737
-2684
-3574
-3695
-2880
-1452
176
1680
2712
3240
3320
2672
1389
-204
-1802
-3031
-3457
-3050
-2033
-671
728
1845
2492
2571
2026
1034
-224
-1529
-2595
-3263
-3587
-3597
-3329
-2771
-1250
1498
4067
5273
5360
4903
3424
1442
-115
-1861
-3828
-4950
-4332
-3100
-1696
-177
1210
2533
3768
4392
3894
2806
1287
-226
-1409
-2291
-3220
-3712
-3239
-2055
-456
1155
2423
3173
3497
3145
2077
562
-1123
-2620
-3420
-3301
-2478
-1186
237
1467
2306
2676
2455
1673
498
-856
-2073
-2894
-3367
-3553
-3427
-3045
-1948
459
3285
4994
5351
5161
4197
2269
547
-1135
-3191
-4815
-4738
-3605
-2357
-870
586
1950
3278
4253
4114
3209
1882
354
-966
-1983
-2980
-3708
-3421
-2332
-853
727
2075
2893
3305
3180
2275
832
-821
-2345
-3279
-3387
-2809
-1713
-326
1008
1971
2485
2422
1765
729
-526
-1778
-2743
-3337
-3616
-3543
-3181
-2283
-180
2706
4784
5411
5283
4494
2677
849
-691
-2590
-4378
-4738
-3765
-2568
-1149
350
1763
3132
4289
4474
3680
2399
829
-617
-1706
-2687
-3601
-3678
-2826
-1429
212
1763
2813
3326
3357
2656
1323
-308
-1949
-3137
-3511
-3108
-2081
-711
629
1684
2369
2545
2045
1074
-152
-1423
-2449
-3114
-3517
-3625
-3419
-2714
-856
1961
4269
5170
5220
4725
3173
1315
-291
-2181
-4085
-4797
-4018
-2903
-1550
-52
1413
2826
4062
4447
3805
2622
1074
-415
-1649
-2730
-3703
-3839
-3000
-1599
48
1609
2700
3280
3404
2818
1567
-24
-1642
-2865
-3330
-3082
-2199
-863
498
1602
2372
2624
2174
1259
98
-1169
-2291
-3037
-3512
-3716
-3540
-2865
-1118
1655
4112
5188
5275
4857
3420
1523
-91
-1976
-3954
-4842
-4143
-3040
-1735
-220
1234
2649
3969
4492
3920
2790
1292
-189
-1420
-2568
-3740
-4125
-3402
-2060
-337
1442
2693
3375
3619
3157
1908
234
-1492
-2831
-3387
-3202
-2414
-1164
151
1276
2175
2666
2423
1608
506
-768
-1974
-2834
-3398
-3725
-3669
-3053
-1407
1281
3818
5106
5403
5109
3809
1972
329
-1591
-3660
-4724
-4290
-3336
-2080
-564
909
2351
3752
4461
4085
3029
1545
12
-1322
-2529
-3659
-4091
-3553
-2346
-651
1106
2411
3184
3485
3097
1962
380
-1364
-2741
-3353
-3253
-2553
-1389
-129
946
1855
2413
2241
1498
476
-706
-1804
-2603
-3197
-3572
-3574
-2969
-1202
1546
3929
5000
5235
4872
3495
1786
190
-1761
-3732
-4547
-4001
-3075
-1804
-317
1133
2597
3984
4578
4125
2972
1406
-94
-1411
-2669
-3729
-3962
-3332
-2082
-327
1394
2589
3284
3448
2855
1601
-23
-1723
-2931
-3336
-3077
-2246
-971
254
1236
2049
2415
2066
1230
152
-1091
-2156
-2884
-3429
-3724
-3549
-2558
-330
2531
4570
5247
5209
4528
2910
1212
-476
-2565
-4295
-4542
-3706
-2691
-1329
145
1583
3060
4276
4487
3745
2406
745
-742
-2033
-3320
-4204
-3992
-2946
-1443
370
1979
2990
3510
3460
2571
1087
-605
-2187
-3142
-3265
-2792
-1830
-522
696
1644
2309
2414
1832
867
-288
-1524
-2474
-3074
-3527
-3716
-3384
-2050
528
3339
4985
5337
5114
4106
2367
756
-1063
-3248
-4671
-4427
-3419
-2285
-853
572
1980
3465
4457
4345
3461
2057
501
-802
-2018
-3358
-4151
-3785
-2639
-972
892
2313
3164
3577
3300
2185
608
-1141
-2653
-3330
-3194
-2603
-1577
-324
772
1653
2214
2127
1433
438
-767
-1873
-2583
-3137
-3560
-3586
-2964
-1178
1655
4139
5119
5194
4752
3342
1659
145
-1849
-3956
-4686
-4009
-3034
-1774
-323
1021
2497
3943
4468
4013
2969
1447
-117
-1352
-2560
-3723
-3970
-3212
-1901
-204
1423
2501
3165
3363
2735
1428
-130
-1717
-2856
-3119
-2755
-1954
-782
365
1266
1928
2116
1667
862
-158
-1332
-2234
-2757
-3191
-3451
-3275
-2258
61
2944
4807
5264
5080
4130
2400
874
-739
-2886
-4468
-4368
-3435
-2350
-941
416
1717
3234
4361
4343
3569
2293
729
-650
-1822
-3082
-3928
-3757
-2809
-1231
613
1987
2847
3404
3252
2222
762
-902
-2412
-3132
-3045
-2506
-1518
-331
633
1468
2031
1891
1182
273
-836
-1905
-2548
-2993
-3367
-3412
-2838
-1115
1683
4147
5156
5238
4746
3302
1612
123
-1848
-3872
-4574
-3914
-2910
-1602
-171
1114
2532
3902
4368
3851
2779
1289
-187
-1411
-2622
-3670
-3788
-3035
-1753
-33
1533
2502
3099
3248
2594
1308
-284
-1903
-2946
-3103
-2709
-1864
-609
537
1406
2039
2104
1451
489
-566
-1637
-2368
-2826
-3264
-3458
-3115
-1773
822
3587
5025
5193
4856
3634
1859
395
-1345
-3539
-4780
-4329
-3300
-2076
-554
842
2232
3755
4580
4215
3174
1683
149
-1043
-2171
-3422
-3961
-3391
-2157
-399
1405
2497
3009
3208
2752
1582
71
-1568
-2830
-3131
-2711
-1961
-878
301
1278
2051
2316
1787
800
-312
-1488
-2353
-2797
-3193
-3438
-3139
-2002
289
3098
4947
5365
5150
4222
2459
834
-801
-2905
-4516
-4491
-3528
-2337
-819
633
1926
3309
4265
4111
3209
1829
252
-1032
-2064
-3185
-3866
-3480
-2346
-671
1172
2420
2973
3161
2755
1615
133
-1489
-2903
-3452
-3088
-2286
-1181
20
1053
1917
2327
1900
888
-215
-1394
-2344
-2791
-3122
-3423
-3240
-2237
-142
2676
4796
5340
5058
4300
2645
909
-653
-2655
-4454
-4709
-3761
-2601
-1082
492
1826
3229
4359
4308
3307
1907
275
-1095
-2061
-3047
-3814
-3550
-2425
-805
1091
2520
3115
3264
2950
1896
395
-1240
-2708
-3398
-3117
-2303
-1185
75
1161
2100
2697
2422
1346
73
-1193
-2315
-2951
-3318
-3635
-3568
-2684
-665
2212
4663
5607
5461
4759
3251
1449
-198
-2152
-4084
-4745
-4048
-2915
-1467
147
1602
3036
4250
4485
3678
2309
659
-802
-1891
-2921
-3746
-3660
-2668
-1052
953
2595
3390
3601
3299
2261
711
-1014
-2630
-3586
-3547
-2847
-1756
-466
713
1771
2508
2486
1637
404
-946
-2184
-2946
-3410
-3777
-3760
-3017
-1193
1633
4236
5409
5397
4805
3359
1510
-119
-2038
-4082
-4971
-4410
-3313
-1851
-147
1376
2886
4269
4676
3942
2599
888
-711
-1853
-2854
-3749
-3784
-2813
-1232
740
2460
3335
3569
3325
2378
862
-890
-2623
-3747
-3798
-3103
-1978
-606
695
1854
2720
2839
2063
851
-530
-1908
-2824
-3357
-3806
-3889
-3163
-1332
1481
4143
5426
5509
5009
3606
1732
69
-1846
-3884
-4820
-4335
-3320
-1895
-177
1348
2861
4272
4706
3969
2623
886
-839
-2082
-3061
-3909
-3916
-2878
-1211
858
2693
3641
3861
3582
2556
934
-856
-2617
-3808
-3902
-3161
-1970
-549
771
1902
2764
2921
2185
978
-420
-1836
-2849
-3498
-3976
-4049
-3350
-1501
1412
4187
5511
5647
5246
3868
1937
177
-1839
-3988
-4963
-4515
-3605
-2197
-418
1153
2724
4239
4731
4028
2713
991
-744
-2034
-3081
-3969
-3971
-3008
-1438
599
2464
3507
3875
3738
2790
1219
-609
-2484
-3816
-4106
-3566
-2456
-982
388
1622
2686
3039
2427
1298
-50
-1470
-2521
-3253
-3857
-4053
-3543
-2040
688
3654
5291
5590
5335
4229
2404
691
-1245
-3473
-4736
-4543
-3751
-2512
-830
739
2327
3984
4776
4323
3156
1485
-318
-1688
-2814
-3858
-4121
-3382
-2018
-95
1878
3084
3609
3675
2950
1527
-138
-1928
-3434
-4013
-3737
-2866
-1505
-89
1176
2347
3011
2722
1770
548
-888
-2092
-2852
-3523
-3981
-3795
-2733
-453
2607
4854
5506
5413
4760
3181
1470
-273
-2524
-4378
-4631
-3897
-2899
-1421
166
1659
3354
4645
4643
3694
2254
487
-1047
-2169
-3346
-4166
-3847
-2700
-988
1087
2702
3486
3826
3570
2373
737
-1035
-2800
-3865
-3911
-3295
-2171
-722
619
1828
2818
3006
2287
1170
-217
-1637
-2592
-3274
-3913
-4133
-3579
-1892
1011
3888
5254
5418
5140
3963
2206
598
-1384
-3618
-4668
-4251
-3424
-2245
-679
833
2480
4145
4774
4174
2972
1292
-457
-1756
-2927
-4055
-4273
-3437
-2036
-133
1757
2921
3554
3761
3048
1590
-91
-1895
-3370
-3892
-3619
-2835
-1534
-120
1147
2298
2917
2605
1687
470
-984
-2228
-3020
-3672
-4078
-3879
-2888
-673
2425
4773
5521
5489
4894
3371
1707
89
-2094
-4068
-4525
-3904
-2996
-1629
-78
1419
3148
4567
4730
3876
2459
673
-887
-2044
-3268
-4227
-4076
-2975
-1264
856
2553
3411
3849
3764
2765
1208
-604
-2469
-3666
-3804
-3312
-2395
-1124
137
1368
2462
2832
2304
1295
-6
-1373
-2382
-3118
-3775
-3998
-3495
-2010
681
3567
5127
5419
5218
4195
2468
841
-1037
-3276
-4576
-4397
-3667
-2590
-1045
525
2140
3822
4676
4300
3216
1628
-110
-1466
-2638
-3816
-4217
-3491
-2163
-372
1566
2861
3468
3696
3186
1845
182
-1608
-3142
-3778
-3586
-2915
-1714
-311
913
2017
2729
2562
1734
622
-752
-2038
-2876
-3484
-3885
-3765
-2962
-1117
1781
4393
5470
5532
5051
3629
1884
333
-1698
-3839
-4636
-4175
-3368
-2080
-475
1013
2648
4203
4693
4091
2849
1110
-523
-1736
-3021
-4179
-4268
-3339
-1818
274
2197
3244
3782
3909
3133
1694
6
-1856
-3290
-3714
-3426
-2692
-1467
-138
1052
2141
2732
2470
1641
490
-881
-2062
-2885
-3570
-3941
-3705
-2748
-650
2328
4647
5495
5561
4969
3424
1731
99
-2097
-4091
-4625
-4129
-3331
-2007
-404
1112
2780
4187
4502
3864
2617
907
-654
-1883
-3229
-4239
-4107
-3128
-1609
422
2162
3095
3608
3629
2732
1275
-379
-2106
-3287
-3565
-3243
-2403
-1100
182
1279
2223
2598
2217
1397
253
-1086
-2199
-2973
-3541
-3747
-3440
-2456
-300
2623
4734
5417
5366
4604
2990
1396
-146
-2293
-4139
-4494
-3937
-3092
-1705
-118
1358
3003
4363
4600
3866
2515
730
-853
-2076
-3339
-4168
-3851
-2772
-1245
720
2343
3156
3584
3519
2534
1027
-619
-2274
-3377
-3578
-3139
-2163
-814
408
1398
2226
2531
2083
1135
-133
-1504
-2551
-3223
-3707
-3846
-3452
-2286
107
3092
5045
5523
5309
4436
2833
1250
-431
-2640
-4342
-4530
-3865
-2927
-1528
21
1588
3346
4641
4732
3879
2402
562
-989
-2228
-3496
-4225
-3793
-2606
-949
1020
2530
3272
3630
3445
2387
878
-782
-2404
-3404
-3538
-3082
-2096
-759
450
1431
2237
2532
2098
1163
-76
-1411
-2489
-3226
-3702
-3791
-3380
-2285
-71
2786
4780
5366
5271
4525
2935
1279
-366
-2499
-4247
-4525
-3940
-3054
-1623
-12
1520
3223
4551
4728
3998
2647
777
-917
-2175
-3381
-4117
-3723
-2605
-1139
654
2173
2970
3342
3221
2280
891
-615
-2106
-3144
-3437
-3068
-2091
-746
451
1344
2001
2256
1996
1246
72
-1273
-2425
-3196
-3611
-3704
-3426
-2642
-915
1740
4157
5251
5319
4854
3555
1830
286
-1571
-3594
-4494
-4090
-3299
-2117
-494
1039
2593
4122
4772
4286
3120
1412
-388
-1672
-2704
-3662
-3819
-3038
-1831
-182
1587
2726
3236
3407
2894
1700
274
-1274
-2647
-3315
-3208
-2520
-1389
-167
878
1723
2286
2345
1818
804
-504
-1739
-2663
-3208
-3464
-3459
-3049
-1997
-12
2553
4545
5299
5197
4433
2897
1244
-291
-2243
-4019
-4479
-3968
-3148
-1768
-121
1305
2830
4212
4535
3825
2530
774
-840
-1927
-2909
-3640
-3440
-2566
-1351
301
1813
2600
2972
3043
2400
1226
-165
-1704
-2915
-3314
-3027
-2235
-1051
141
1148
1984
2448
2308
1564
358
-969
-2065
-2816
-3292
-3514
-3376
-2735
-1249
1194
3680
5020
5194
4781
3640
1972
437
-1345
-3424
-4546
-4298
-3528
-2364
-751
747
2223
3812
4635
4247
3150
1546
-200
-1461
-2476
-3481
-3762
-3094
-2006
-468
1270
2402
2960
3262
2927
1875
515
-1026
-2402
-3089
-3102
-2586
-1550
-362
652
1529
2169
2312
1876
932
-335
-1582
-2574
-3251
-3610
-3613
-3153
-2012
104
2804
4812
5434
5192
4368
2847
1205
-414
-2477
-4226
-4573
-3928
-2960
-1491
175
1693
3337
4618
4714
3882
2554
815
-751
-1899
-3040
-3848
-3617
-2672
-1368
323
1769
2561
3050
3152
2433
1147
-294
-1706
-2721
-3074
-2852
-2102
-975
179
1163
1872
2191
2069
1481
453
-807
-2053
-3064
-3630
-3751
-3527
-2897
-1687
305
2760
4622
5203
4909
4100
2612
962
-595
-2467
-4062
-4356
-3708
-2805
-1414
199
1591
3046
4277
4485
3784
2592
966
-593
-1765
-2880
-3726
-3620
-2771
-1548
107
1661
2598
3147
3296
2651
1420
-3
-1467
-2616
-3116
-2984
-2297
-1210
-44
1019
1843
2296
2323
1823
811
-491
-1812
-2899
-3530
-3746
-3648
-3109
-1970
-34
2448
4413
5107
4979
4328
2905
1302
-201
-2149
-3922
-4354
-3819
-3023
-1650
-27
1377
2922
4279
4602
4012
2860
1186
-415
-1639
-2852
-3773
-3750
-3032
-1847
-127
1488
2505
3183
3431
2830
1626
202
-1307
-2503
-3045
-3009
-2418
-1381
-238
837
1720
2230
2279
1831
834
-476
-1748
-2776
-3394
-3625
-3520
-2974
-1790
220
2647
4424
5007
4860
4124
2670
1114
-491
-2518
-4089
-4317
-3804
-2997
-1529
129
1615
3198
4385
4509
3815
2579
927
-557
-1798
-3085
-3898
-3718
-2914
-1585
197
1695
2625
3246
3305
2510
1260
-171
-1639
-2690
-3092
-2915
-2160
-1066
26
1043
1867
2305
2298
1762
648
-695
-1902
-2850
-3445
-3713
-3616
-2989
-1582
710
3166
4654
5011
4833
4014
2548
1033
-776
-2916
-4236
-4276
-3773
-2803
-1204
403
1966
3633
4642
4525
3683
2277
573
-878
-2183
-3421
-3919
-3493
-2604
-1159
606
1954
2824
3368
3199
2251
963
-499
-1894
-2808
-3157
-2905
-2053
-954
157
1187
1927
2274
2230
1636
485
-824
-2020
-2981
-3532
-3713
-3516
-2742
-1251
942
3276
4767
5129
4874
3974
2390
751
-1002
-3007
-4301
-4353
-3832
-2840
-1180
524
2098
3691
4632
4456
3578
2187
479
-1003
-2295
-3493
-4028
-3659
-2719
-1187
632
2033
2913
3358
3129
2203
896
-611
-2009
-2912
-3194
-2830
-1944
-842
337
1436
2216
2624
2575
1858
608
-755
-2042
-3096
-3713
-3947
-3698
-2772
-1133
1186
3564
4961
5250
5009
4034
2345
655
-1216
-3299
-4468
-4377
-3806
-2692
-927
768
2377
3958
4721
4388
3411
1875
109
-1354
-2687
-3874
-4225
-3679
-2646
-1015
789
2088
2942
3413
3145
2167
857
-660
-2036
-2868
-3125
-2763
-1842
-708
454
1533
2272
2592
2459
1681
364
-1020
-2274
-3276
-3808
-3918
-3596
-2655
-952
1389
3682
5022
5250
4841
3751
2090
394
-1493
-3461
-4536
-4404
-3709
-2504
-775
928
2543
4016
4717
4378
3345
1801
114
-1340
-2650
-3723
-4018
-3468
-2362
-719
979
2190
2939
3276
2936
1970
661
-806
-2093
-2905
-3139
-2719
-1786
-664
539
1622
2339
2652
2474
1621
276
-1129
-2411
-3380
-3843
-3872
-3441
-2426
-779
1465
3741
5065
5244
4828
3757
2090
438
-1345
-3307
-4409
-4282
-3632
-2495
-789
825
2320
3781
4509
4214
3262
1805
139
-1276
-2543
-3618
-3965
-3462
-2381
-781
898
2114
2879
3255
2977
2034
763
-667
-1974
-2793
-3015
-2680
-1848
-758
388
1452
2212
2530
2335
1484
146
-1218
-2416
-3337
-3805
-3813
-3329
-2245
-458
1878
3991
5014
5059
4604
3454
1824
196
-1709
-3608
-4451
-4211
-3528
-2262
-529
1100
2702
4081
4572
4125
3062
1514
-96
-1488
-2803
-3790
-3939
-3314
-2101
-424
1169
2322
3048
3265
2808
1797
486
-900
-2075
-2821
-2993
-2556
-1672
-567
587
1537
2140
2351
2040
1095
-235
-1558
-2711
-3500
-3834
-3782
-3257
-2104
-235
2142
4182
5070
5035
4490
3252
1691
140
-1769
-3542
-4224
-3979
-3302
-1974
-280
1283
2870
4159
4519
3988
2848
1259
-289
-1618
-2851
-3674
-3685
-2990
-1744
-123
1348
2382
2991
3108
2607
1613
345
-991
-2090
-2710
-2759
-2256
-1391
-381
643
1530
2106
2284
1956
994
-282
-1498
-2549
-3277
-3609
-3612
-3135
-2007
-231
2004
3982
4892
4864
4358
3204
1650
71
-1799
-3580
-4358
-4175
-3531
-2282
-634
951
2568
3950
4479
4062
3038
1586
-3
-1439
-2752
-3752
-3931
-3236
-2028
-475
1101
2241
2901
3195
2860
1877
639
-639
-1779
-2461
-2580
-2254
-1511
-486
583
1507
2156
2393
2074
1168
-100
-1391
-2503
-3269
-3680
-3752
-3309
-2228
-415
1943
3937
4773
4754
4253
3086
1592
-17
-2022
-3807
-4499
-4275
-3573
-2254
-621
1001
2696
4048
4478
4001
2959
1520
20
-1386
-2751
-3726
-3803
-3054
-1815
-270
1216
2263
2910
3196
2793
1766
533
-692
-1725
-2316
-2432
-2128
-1385
-360
697
1571
2117
2261
1904
1009
-220
-1496
-2596
-3317
-3654
-3638
-3091
-1948
-71
2339
4240
4968
4933
4373
3128
1639
-9
-2081
-3795
-4372
-4129
-3392
-2018
-422
1165
2848
4091
4362
3807
2719
1247
-243
-1623
-2961
-3864
-3848
-3095
-1892
-350
1096
2089
2751
3015
2545
1554
415
-778
-1785
-2333
-2451
-2141
-1374
-394
586
1432
2011
2211
1895
1025
-176
-1422
-2509
-3232
-3614
-3688
-3233
-2121
-273
2096
4073
4922
4924
4423
3286
1827
206
-1754
-3463
-4178
-4016
-3385
-2187
-639
936
2561
3867
4305
3876
2940
1578
29
-1443
-2814
-3805
-3917
-3236
-2112
-626
857
1944
2699
3110
2839
1982
875
-363
-1527
-2284
-2538
-2312
-1649
-732
249
1150
1872
2211
1982
1188
20
-1264
-2400
-3169
-3637
-3798
-3360
-2237
-410
1962
4017
4954
5008
4554
3420
1933
357
-1572
-3317
-4072
-3980
-3445
-2282
-775
708
2319
3682
4216
3981
3205
1820
204
-1286
-2704
-3724
-3835
-3217
-2187
-706
820
1947
2767
3240
2978
2109
984
-320
-1569
-2353
-2658
-2514
-1857
-898
153
1174
2002
2389
2217
1477
309
-1004
-2221
-3127
-3710
-3936
-3560
-2500
-735
1604
3690
4718
4895
4548
3494
2067
537
-1387
-3181
-4047
-4072
-3583
-2433
-954
551
2220
3646
4301
4142
3283
1775
128
-1396
-2838
-3829
-3976
-3450
-2391
-817
785
2020
2933
3402
3124
2228
996
-405
-1698
-2538
-2874
-2696
-2007
-974
194
1298
2128
2505
2333
1548
305
-1089
-2352
-3286
-3856
-3988
-3452
-2257
-378
2030
4015
4888
5010
4590
3384
1921
338
-1690
-3407
-4083
-4015
-3452
-2191
-705
825
2551
3907
4374
4069
3065
1450
-144
-1573
-2925
-3765
-3712
-3063
-1915
-285
1229
2314
3118
3452
2950
1900
620
-828
-2103
-2818
-2986
-2644
-1768
-605
554
1563
2233
2385
1967
1011
-306
-1659
-2799
-3609
-4045
-3917
-3102
-1661
502
2906
4503
5004
4927
4208
2810
1354
-411
-2464
-3803
-4112
-3875
-3048
-1617
-166
1505
3206
4235
4409
3848
2508
809
-683
-2134
-3367
-3845
-3524
-2725
-1375
216
1501
2492
3197
3205
2425
1260
-102
-1468
-2478
-2982
-2967
-2366
-1327
-108
1067
1931
2350
2272
1641
501
-875
-2190
-3238
-3840
-4027
-3660
-2651
-1004
1285
3544
4864
5148
4879
3939
2496
981
-908
-2804
-3803
-3861
-3426
-2419
-1016
417
2071
3577
4321
4240
3436
1978
423
-976
-2356
-3373
-3604
-3155
-2175
-687
813
1982
2847
3290
2992
2043
799
-534
-1759
-2596
-2896
-2671
-1930
-839
306
1283
1941
2149
1809
944
-315
-1647
-2760
-3528
-3900
-3822
-3143
-1842
116
2465
4301
5083
5099
4505
3208
1651
-54
-2054
-3579
-4103
-4000
-3346
-2013
-492
1119
2781
3848
4058
3580
2404
818
-662
-2083
-3288
-3803
-3576
-2805
-1534
4
1381
2442
3127
3189
2494
1339
53
-1247
-2302
-2848
-2884
-2363
-1307
-71
1049
1895
2283
2131
1441
296
-1056
-2281
-3206
-3755
-3847
-3373
-2260
-505
1816
3996
5208
5495
5165
4123
2628
996
-1034
-2934
-3879
-4014
-3620
-2562
-1121
389
2126
3558
4128
3940
3059
1622
175
-1127
-2381
-3173
-3230
-2731
-1759
-377
960
2007
2753
2978
2500
1478
236
-1003
-2020
-2622
-2795
-2489
-1666
-559
553
1472
2002
1993
1469
517
-686
-1877
-2856
-3538
-3815
-3572
-2703
-1236
741
2904
4488
5071
4915
4171
2828
1312
-331
-2147
-3426
-3841
-3696
-3032
-1759
-261
1362
2965
3933
4081
3552
2416
970
-378
-1663
-2675
-3049
-2842
-2190
-1082
231
1319
2093
2447
2236
1504
445
-677
-1633
-2276
-2530
-2319
-1688
-751
271
1083
1527
1540
1084
225
-864
-1981
-2970
-3680
-3963
-3754
-2882
-1372
562
2697
4491
5362
5357
4751
3425
1742
138
-1594
-3013
-3533
-3449
-2943
-1738
-241
1238
2772
3705
3760
3333
2402
1049
-165
-1268
-2266
-2604
-2319
-1739
-737
519
1509
2161
2466
2199
1409
339
-823
-1861
-2539
-2800
-2661
-2048
-1070
-20
878
1414
1428
1009
282
-739
-1897
-2951
-3725
-3986
-3627
-2664
-1143
633
2581
4446
5522
5605
5020
3746
1985
414
-1208
-2792
-3551
-3540
-3037
-1846
-300
1120
2638
3797
4048
3693
2805
1334
-88
-1168
-2089
-2517
-2296
-1716
-820
342
1347
1995
2291
2122
1457
449
-753
-1924
-2736
-3032
-2888
-2349
-1454
-379
640
1348
1517
1124
330
-706
-1819
-2917
-3832
-4309
-4213
-3487
-2160
-521
1163
2935
4493
5277
5221
4485
3135
1563
203
-1168
-2435
-3069
-3081
-2547
-1422
-64
1179
2400
3269
3479
3205
2462
1311
116
-889
-1710
-2119
-2051
-1647
-933
-26
804
1341
1537
1369
865
105
-773
-1606
-2213
-2458
-2404
-2051
-1391
-597
146
670
768
444
-89
-800
-1662
-2492
-3086
-3259
-2895
-2122
-1114
113
1475
2788
3859
4531
4587
4034
3111
1960
743
-379
-1334
-2025
-2125
-1633
-899
47
1091
1985
2637
3007
2963
2537
1867
973
63
-692
-1279
-1576
-1504
-1203
-802
-268
263
631
808
692
298
-210
-689
-1078
-1286
-1313
-1223
-941
-502
-73
173
155
-41
-269
-567
-1082
-1692
-2155
-2314
-2117
-1618
-903
-72
847
1713
2450
3045
3361
3365
3058
2423
1492
463
-541
-1430
-1894
-2001
-1886
-1428
-750
-68
609
1213
1555
1679
1555
1102
526
-125
-892
-1580
-2010
-2150
-1976
-1463
-804
-221
209
459
565
465
160
-255
-735
-1241
-1654
-1881
-1961
-1895
-1679
-1407
-1095
-701
-400
-327
-339
-372
-459
-569
-687
-756
-599
-125
472
1097
1686
2128
2480
2685
2601
2217
1653
960
316
-111
-409
-501
-263
219
737
1190
1487
1628
1775
1897
1872
1639
1161
541
-15
-445
-795
-998
-1003
-834
-557
-287
-97
8
50
-13
-203
-511
-906
-1266
-1504
-1561
-1476
-1367
-1229
-1034
-828
-660
-518
-423
-379
-313
-261
-275
-256
-125
147
575
1041
1436
1669
1703
1612
1453
1207
887
550
204
-63
-216
-245
-122
111
393
648
792
832
818
742
590
398
186
-16
-181
-307
-432
-608
-804
-932
-989
-1037
-1068
-1080
-1054
-939
-763
-644
-637
-703
-812
-890
-971
-1088
-1198
-1260
-1237
-1137
-977
-772
-498
-185
103
306
484
699
943
1184
1341
1372
1276
1094
796
429
114
-105
-151
-29
157
331
497
658
793
865
778
590
457
406
373
348
346
343
365
426
489
474
358
237
148
23
-182
-380
-466
-435
-303
-147
-44
21
66
72
53
20
-86
-245
-397
-535
-653
-733
-770
-717
-535
-336
-172
-5
179
362
498
529
431
265
93
-51
-132
-163
-152
-96
20
145
192
183
199
207
134
-25
-251
-419
-491
-507
-455
-340
-180
3
198
355
422
359
207
14
-215
-478
-715
-840
-853
-742
-528
-285
-53
122
220
218
89
-129
-393
-624
-758
-780
-722
-580
-356
-104
171
428
671
857
913
851
693
505
331
190
87
62
121
243
411
604
772
825
826
790
680
488
232
-4
-128
-125
-45
107
297
486
647
771
811
710
460
124
-201
-477
-723
-878
-879
-771
-552
-276
-51
138
265
256
144
-49
-329
-624
-850
-972
-1019
-989
-853
-624
-349
-56
202
396
493
485
376
200
-24
-271
-499
-660
-663
-507
-224
86
356
526
537
472
340
108
-180
-443
-636
-695
-621
-456
-225
29
271
428
507
535
468
287
53
-208
-441
-553
-486
-269
35
413
798
1092
1258
1281
1108
778
389
-8
-331
-505
-539
-503
-425
-302
-155
28
237
345
345
313
230
109
-2
-120
-227
-270
-230
-118
63
260
414
500
481
352
108
-249
-624
-893
-1073
-1145
-1046
-790
-411
1
383
656
798
824
705
449
133
-172
-450
-663
-765
-721
-555
-282
80
413
625
703
623
380
30
-378
-779
-1096
-1301
-1396
-1330
-1044
-595
-61
456
807
944
926
758
459
82
-303
-611
-759
-725
-575
-336
-32
273
533
703
745
670
511
321
141
-10
-146
-242
-208
-24
266
603
925
1183
1335
1337
1164
861
475
42
-373
-687
-847
-797
-536
-110
392
844
1160
1277
1169
877
491
74
-303
-566
-721
-746
-607
-380
-159
32
157
217
243
220
110
-105
-380
-652
-860
-931
-857
-693
-462
-205
40
209
267
213
81
-41
-55
-9
25
26
3
-9
-25
-51
-57
-37
-22
-14
-23
-22
13
53
72
93
119
134
139
135
128
115
116
130
142
157
177
197
210
217
209
191
180
177
165
155
137
99
48
9
-20
-32
-10
23
57
79
72
52
38
27
8
-14
-32
-37
-31
-17
-4
11
28
26
15
0
-14
-17
-4
18
27
8
-26
-70
-103
-126
-147
-161
-156
-158
-165
-160
-147
-135
-138
-157
-181
-204
-221
-214
-196
-200
-211
-218
-232
-260
-288
-298
-280
-234
-171
-116
-67
-20
12
30
54
71
62
71
95
104
112
134
159
161
159
156
150
147
144
146
153
158
156
145
128
104
74
30
-14
-42
-45
-31
1
52
81
75
44
-2
-28
-40
-25
3
18
43
65
101
135
142
160
187
201
194
203
232
236
223
196
148
96
57
28
19
42
88
134
171
169
114
57
16
-6
-30
-84
-129
-154
-154
-145
-149
-157
-170
-183
-183
-188
-191
-161
-114
-76
-71
-77
-75
-70
